,month1_load,month2_load,month3_load,month4_load,month5_load,month6_load
0,305.692,333.322,329.057,320.362,322.893,334.205
1,293.388,333.973,332.281,323.91,327.825,339.461
2,189.646,330.859,334.026,310.282,313.747,331.822
3,297.196,307.548,340.495,302.75,310.335,336.577
4,287.479,211.645,305.419,298.077,295.645,317.102
5,177.025,313.184,295.324,297.632,293.888,314.965
6,295.842,246.163,307.622,294.571,301.985,305.35
7,178.242,253.256,305.821,296.173,297.742,290.75
8,289.721,293.233,305.301,293.979,289.773,294.846
9,174.479,174.767,295.002,291.188,299.347,291.19
10,266.817,265.188,299.057,301.09,303.309,298.796
11,191.012,205.529,308.478,297.047,297.099,303.312
12,179.446,210.837,306.622,297.632,300.117,296.557
13,197.458,234.646,308.823,296.857,295.666,292.307
14,231.029,187.583,298.589,300.53,297.625,300.468
15,144.758,145.117,293.378,290.139,289.0,297.29
16,139.587,240.742,304.214,294.575,292.225,293.713
17,172.721,187.529,291.605,296.948,302.776,296.683
18,175.083,138.579,299.6,296.101,297.033,290.004
19,170.858,137.033,298.467,296.99,291.97,289.039
20,171.512,155.113,305.285,294.244,292.321,297.301
21,154.646,170.788,289.99,193.984,300.041,296.958
22,140.775,175.712,291.216,34.0958,299.408,295.253
23,139.8,172.117,307.642,31.2917,296.679,295.273
24,86.9625,156.512,279.238,31.2583,301.65,195.369
25,45.6844,93.9625,32.4708,32.4708,298.689,32.4708
26,36.5574,40.35,28.4292,28.4292,293.678,28.4292
27,31.0,29.5875,31.0583,31.0583,292.316,31.0583
28,31.7049,29.2542,31.6792,31.6792,231.938,31.6792
29,27.4631,32.8583,27.4417,42.3125,27.4417,30.5292
30,26.7213,30.0625,26.7208,164.008,26.7208,156.608
31,30.2582,30.3542,33.6417,67.4375,30.3167,38.8
32,33.7131,31.2875,37.2208,65.5583,33.7208,49.0542
33,34.0369,34.3667,37.5375,34.3167,91.7625,42.7917
34,146.316,34.2625,106.646,30.325,30.325,30.325
35,58.1803,104.933,35.1292,32.0958,32.0958,32.0958
36,46.6885,98.9958,31.5917,31.5917,31.5917,31.5917
37,122.525,48.475,28.3625,28.3625,30.5208,31.7458
38,709.459,28.95,32.0,32.0,35.5,35.5
39,207.754,30.0542,30.6917,31.625,33.7833,32.7917
40,27.2951,32.3083,27.2875,587.754,27.2875,27.2875
41,26.5738,27.7625,26.5583,206.621,26.5583,26.5583
42,31.5082,26.8958,31.5875,31.5875,31.5875,31.5875
43,33.9631,29.0083,33.975,33.975,33.975,33.975
44,33.8934,33.7167,33.8917,33.8917,33.8917,33.8917
45,29.418,34.0792,29.3417,29.3417,29.3417,29.3417
46,32.9467,31.1042,33.0333,33.0333,33.0333,33.0333
47,30.9836,31.2833,30.9333,30.9333,30.9333,30.9333
48,28.2541,32.5708,28.2458,28.2458,28.2458,28.2458
49,32.7295,28.45,32.7542,32.7542,32.7542,32.7542
50,77.8156,31.0375,29.7792,29.7792,29.7792,29.7792
51,71.3525,31.5375,26.9958,26.9958,26.9958,26.9958
52,107.34,27.55,26.5708,26.5708,26.5708,26.5708
53,63.5779,26.7833,32.7917,32.7917,32.7917,32.7917
54,60.2869,30.35,34.1375,34.1375,34.1375,34.1375
55,83.8934,33.7583,33.425,33.425,33.425,33.425
56,74.6311,34.025,29.2833,29.2833,29.2833,29.2833
57,83.6639,30.1208,33.3917,33.3917,33.3917,33.3917
58,55.8352,32.2208,30.0833,41.4399,30.0833,30.0833
59,28.8484,31.7167,28.85,80.55,28.85,28.85
60,32.9508,28.1958,32.9333,52.875,32.9333,32.9333
61,28.8115,32.0458,28.7542,44.3375,28.7542,28.7542
62,26.9262,30.6417,26.9292,63.9417,26.9292,26.9292
63,27.1434,27.3292,27.15,67.4708,27.15,27.15
64,33.4508,26.5208,33.4875,75.0167,33.4875,33.4875
65,34.209,31.6958,34.2,49.825,34.2,34.2
66,32.6352,33.9875,32.6,43.6458,32.6,32.6
67,29.9795,33.8042,29.9875,78.9167,29.9875,29.9875
68,33.4631,30.4958,34.5625,78.7167,33.4542,33.4542
69,29.1352,36.7333,32.5667,43.9311,31.6333,32.1
70,34.3689,34.4333,33.1792,29.6792,33.1792,33.1792
71,39.709,31.75,36.2167,32.7167,36.2167,36.2167
72,97.168,49.3542,37.5167,27.95,31.45,31.45
73,365.053,53.2167,35.0875,26.8042,30.3042,30.3042
74,366.09,70.3125,39.2708,44.1911,34.8208,31.9042
75,145.906,381.246,180.767,483.021,52.8,45.5417
76,41.9549,389.621,388.517,481.546,310.304,56.9
77,38.7295,210.788,228.358,269.575,237.054,54.2917
78,37.7254,62.8042,57.6875,68.5333,62.0042,53.5
79,39.8607,73.3417,59.875,64.7417,62.4083,57.8542
80,52.5164,76.0458,52.3792,57.6208,70.6958,137.758
81,79.7582,71.45,151.913,60.1083,69.4125,441.125
82,358.73,61.15,332.092,63.5292,70.8208,698.067
83,358.217,61.0292,337.996,78.0958,74.9958,413.167
84,364.135,59.15,338.212,76.6708,82.1458,361.712
85,358.209,257.775,399.317,168.192,202.7,362.158
86,360.025,335.821,514.729,539.854,373.175,365.167
87,357.504,352.933,519.763,539.179,371.571,358.217
88,353.84,340.879,490.975,531.621,364.712,387.95
89,405.082,333.675,306.746,429.967,356.921,511.254
90,518.0,329.229,363.517,347.754,495.483,508.392
91,511.84,323.225,348.092,414.217,501.683,495.4
92,349.75,275.608,696.221,1023.73,510.25,479.413
93,325.094,298.275,858.042,959.367,399.725,379.558
94,281.594,315.487,226.1,382.683,339.513,461.883
95,312.721,440.608,323.483,329.471,336.362,456.233
96,308.082,468.104,286.933,307.913,294.712,196.113
97,179.303,457.658,194.733,309.554,295.983,299.388
98,295.709,341.846,296.571,241.021,196.317,186.35
99,239.209,299.15,178.833,271.375,295.45,290.712
100,233.852,181.483,296.508,295.208,260.142,179.796
101,181.324,287.408,178.208,174.796,209.863,277.337
102,291.18,296.217,248.396,290.742,290.542,172.129
103,160.504,176.038,202.333,210.387,180.804,179.567
104,181.25,216.817,177.017,265.05,294.633,210.342
105,262.148,257.438,181.683,174.833,174.333,212.562
106,154.676,155.908,236.846,289.758,229.433,141.829
107,150.197,223.9,148.742,158.675,219.8,147.254
108,205.123,240.517,142.363,181.613,180.212,181.913
109,179.34,139.046,162.238,239.475,171.233,181.125
110,174.057,198.558,176.396,189.0,239.35,173.083
111,147.082,232.683,177.367,123.213,167.104,171.829
112,144.037,142.471,173.0,30.4625,137.196,142.917
113,143.135,141.821,162.175,28.5875,141.354,59.7375
114,144.352,138.704,139.725,32.8458,180.183,32.8458
115,132.988,143.3,50.8958,29.2125,173.225,29.2125
116,27.0041,173.75,26.9958,26.9958,143.158,26.9958
117,26.7951,165.188,26.7958,26.7958,26.7958,26.7958
118,33.0738,132.25,33.1333,33.1333,33.1333,33.1333
119,34.2951,31.1125,34.3,34.3,34.3,34.3
120,41.2213,33.9042,32.85,32.85,32.85,32.85
121,46.1844,33.8417,29.6833,66.2125,29.6833,29.6833
122,50.0246,29.6,33.475,132.275,33.475,33.475
123,39.6189,32.775,29.5875,60.6542,29.5875,29.5875
124,29.2459,39.075,29.2542,45.8375,29.2542,29.2542
125,32.8648,44.6125,32.8583,33.9625,41.3458,32.8583
126,28.3607,49.0458,28.3125,36.0125,33.5417,28.3125
127,26.8689,33.5125,26.8542,26.8542,26.8542,123.725
128,27.7582,27.1042,55.2292,27.7875,27.7875,72.375
129,35.623,26.5458,33.55,33.55,33.55,33.55
130,156.607,32.375,34.2625,34.2625,34.2625,34.2625
131,47.6025,34.0083,32.1125,32.1125,119.817,32.1125
132,32.5246,33.5958,30.3583,30.3583,90.4708,30.3583
133,33.1803,342.954,33.1542,33.7375,51.975,33.1542
134,28.9467,154.804,30.1042,32.4375,32.4625,28.9375
135,30.0451,50.9833,33.5542,33.5542,42.2958,32.3875
136,32.3361,43.8958,35.8083,35.8083,35.8083,35.8083
137,27.7746,32.9167,31.2625,31.2625,30.6208,31.2625
138,26.9221,29.2208,30.3958,30.3958,26.8958,29.2292
139,28.9713,26.9917,32.5083,32.5083,29.0083,29.0083
140,33.709,26.8458,37.2167,36.9833,33.7167,33.7167
141,34.0943,33.2292,34.3708,34.0792,34.0792,34.0792
142,31.1393,34.175,31.1042,31.1042,31.1042,31.1042
143,31.2418,32.8375,31.2833,31.2833,31.2833,31.2833
144,32.5943,29.7083,32.5708,32.5708,32.5708,32.5708
145,28.4549,33.5625,28.45,28.45,28.45,28.45
146,30.9836,29.4417,31.0375,31.0375,31.0375,31.0375
147,31.5779,29.3,31.5375,31.5375,31.5375,31.5375
148,27.5533,32.875,27.55,27.55,27.55,27.55
149,26.7951,28.2875,26.7833,26.7833,26.7833,26.7833
150,30.3033,26.8167,30.35,30.35,30.35,30.35
151,33.7623,27.8958,33.7583,33.7583,33.7583,33.7583
152,34.0246,33.5375,34.025,34.025,34.025,34.025
153,30.1844,34.1625,30.1208,30.1208,30.1208,30.1208
154,32.1475,31.975,32.2208,32.2208,32.2208,32.2208
155,31.7254,30.5542,31.7167,31.7167,31.7167,31.7167
156,28.2746,33.2,28.1958,28.1958,28.1958,28.1958
157,31.959,28.7375,32.0458,32.0458,32.0458,32.0458
158,30.6844,30.1167,30.6417,30.6417,30.6417,30.6417
159,27.3648,32.3542,27.3292,27.3292,27.3292,27.3292
160,51.3671,27.8167,26.5208,26.5208,26.5208,26.5208
161,76.9016,26.8083,31.6958,31.6958,31.6958,31.6958
162,53.959,29.1667,33.9875,33.9875,33.9875,33.9875
163,44.0656,33.6917,33.8042,33.8042,33.8042,33.8042
164,180.066,37.3875,32.7708,29.1542,29.1542,31.7208
165,226.496,38.0292,40.2333,33.2333,33.2333,36.7333
166,58.3361,38.5083,37.9333,30.9333,36.65,34.4333
167,43.8607,39.4583,35.25,28.25,35.25,31.75
168,51.181,35.3458,39.6583,32.6583,143.3,36.1583
169,54.5943,38.1542,36.7917,29.7917,364.358,58.55
170,52.6967,41.0125,34.0417,29.6083,217.533,68.3708
171,38.4344,37.9417,33.6125,311.938,35.2458,66.5958
172,46.75,45.4667,39.8333,367.7,47.525,63.7917
173,112.41,74.0083,41.5083,101.079,57.75,57.7292
174,372.574,77.1125,51.7583,51.7167,61.3,56.6458
175,163.406,164.483,36.3833,56.3542,69.4125,52.8583
176,45.0984,365.554,40.3875,60.3792,73.1833,204.421
177,43.2459,577.25,39.45,57.0958,71.9667,397.883
178,45.2418,801.183,48.6792,79.8125,73.675,329.092
179,71.0779,339.062,383.821,354.638,186.079,332.917
180,70.2008,341.767,194.804,348.925,358.304,339.858
181,72.3689,342.7,62.55,346.413,513.838,322.908
182,74.8074,338.708,66.0875,364.65,513.633,321.454
183,213.107,330.9,231.025,359.071,406.85,324.875
184,472.402,339.958,348.654,343.079,357.054,342.621
185,531.898,326.737,338.304,341.821,354.096,268.271
186,520.697,303.862,415.871,362.983,355.346,319.729
187,421.234,459.587,507.408,505.917,286.237,321.1
188,333.934,501.179,438.033,498.196,337.317,314.767
189,320.463,495.25,342.538,436.883,336.008,316.825
190,318.557,396.587,335.292,335.754,336.146,219.458
191,255.75,215.462,267.942,290.75,330.542,389.883
